00000000000000000000000000000000000000000000000000
00000000000000000000000000000000000000000000000000
00000000000000000000000000000000000000000000000000
00000000000000000000000000000000000000000000000000
00000000000000000000000000000000000000000000000000
00000000000000000000000000000000000000000000000000
00000000000000000000000000000000000000000000000000
00000000000000000000000000000000000000000000000000
00000000000000000000000000000000000000000000000000
00000000000000000000000000000000000000000000000000
00000000000000000000000000000000000000000000000000
00000000000000000000000000000000000000000000000000
00000000000000000000000000000000000000000000000000
0000000000000000000000011111111111S000000000000000
00000000000000000000000000001000000000000000000000
00000000000000000000000000001000000000000000000000
00000000000000000000000000001000000000000000000000
00000000000000000000000111111111111000000000000000
00000000000000000000000000000000000000000000000000
00000000000000000000000000111111111000000000000000
00000000000000000000000000100010001000000000000000
00000000000000000000000000100010001000000000000000
00000000000000000000000000100010001000000000000000
00000000000000000000000000100010001000000000000000
00000000000000000000000000100010001000000000000000
00000000000000000000000000000000000000000000000000
00000000000000000000000000111111111000000000000000
00000000000000000000000000000000001000000000000000
00000000000000000000000000000000001000000000000000
00000000000000000000000000000000001000000000000000
00000000000000000000000000000000001000000000000000
00000000000000000000000000111111111000000000000000
00000000000000000000000000000000001000000000000000
00000000000000000000000000000000001000000000000000
00000000000000000000000000000000001000000000000000
00000000000000000000000000000000001000000000000000
00000000000000000000000000000000000000000000000000
00000000000000000000000000111111111000000000000000
00000000000000000000000000100000001000000000000000
000000000000000000000000000000E0001000000000000000
00000000000000000000000000100000001000000000000000
00000000000000000000000000100000001000000000000000
00000000000000000000000000111111111000000000000000
00000000000000000000000000000000000000000000000000
00000000000000000000000000000000000000000000000000
00000000000000000000000000000000000000000000000000
00000000000000000000000000000000000000000000000000
00000000000000000000000000000000000000000000000000
00000000000000000000000000000000000000000000000000
00000000000000000000000000000000000000000000000000
